name: pybullet_env
channels:
  - msys2
  - conda-forge
  - anaconda
  - defaults
dependencies:
  - absl-py=0.10.0=py38_0
  - ca-certificates=2020.10.14=0
  - certifi=2020.6.20=py38_0
  - git=2.23.0=h6bb4b03_0
  - intel-openmp=2021.3.0=h57928b3_3372
  - libblas=3.9.0=11_win64_mkl
  - libcblas=3.9.0=11_win64_mkl
  - liblapack=3.9.0=11_win64_mkl
  - libpython=2.1=py38_0
  - m2w64-binutils=2.25.1=5
  - m2w64-bzip2=1.0.6=6
  - m2w64-crt-git=5.0.0.4636.2595836=2
  - m2w64-gcc=5.3.0=6
  - m2w64-gcc-ada=5.3.0=6
  - m2w64-gcc-fortran=5.3.0=6
  - m2w64-gcc-libgfortran=5.3.0=6
  - m2w64-gcc-libs=5.3.0=7
  - m2w64-gcc-libs-core=5.3.0=7
  - m2w64-gcc-objc=5.3.0=6
  - m2w64-gmp=6.1.0=2
  - m2w64-headers-git=5.0.0.4636.c0ad18a=2
  - m2w64-isl=0.16.1=2
  - m2w64-libiconv=1.14=6
  - m2w64-libmangle-git=5.0.0.4509.2e5a9a2=2
  - m2w64-libwinpthread-git=5.0.0.4634.697f757=2
  - m2w64-make=4.1.2351.a80a8b8=2
  - m2w64-mpc=1.0.3=3
  - m2w64-mpfr=3.1.4=4
  - m2w64-pkg-config=0.29.1=2
  - m2w64-toolchain=5.3.0=7
  - m2w64-tools-git=5.0.0.4592.90b8472=2
  - m2w64-windows-default-manifest=6.4=3
  - m2w64-winpthreads-git=5.0.0.4634.697f757=2
  - m2w64-zlib=1.2.8=10
  - mkl=2021.3.0=hb70f87d_564
  - msys2-conda-epoch=20160418=1
  - numpy=1.21.2=py38h089cfbf_0
  - openssl=1.1.1h=he774522_0
  - pandas=1.1.3=py38ha925a31_0
  - pip=20.2.4=py38_0
  - python=3.8.5=h5fd99cc_1
  - python-dateutil=2.8.1=py_0
  - python_abi=3.8=2_cp38
  - pytz=2020.1=py_0
  - scipy=1.7.1=py38ha1292f7_0
  - setuptools=50.3.0=py38h9490d1a_1
  - six=1.15.0=py_0
  - sqlite=3.33.0=h2a8f88b_0
  - tbb=2021.3.0=h2d74725_0
  - vc=14.1=h0510ff6_4
  - vs2015_runtime=14.16.27012=hf0eaf9b_3
  - wheel=0.35.1=py_0
  - wincertstore=0.2=py38_0
  - zlib=1.2.11=vc14h1cdd9ab_1
  - pip:
    - opencv-python==4.5.3.56
    - pybullet==3.1.9
    - qibullet==1.4.3
prefix: C:\Users\CA005059\Miniconda3\envs\pybullet_env
